interpretation( 27, [number = 1,seconds = 0], [
    function(*(_,_), [
         0, 1, 2, 3, 4, 5, 6, 7, 8, 9,10,11,12,13,14,15,16,17,18,19,20,21,22,23,24,25,26,
         1, 2, 0, 5, 9, 7,13, 3,14,11,19, 4,23,17,20,12,24, 6,21,22, 8,25,10,15,26,18,16,
         2, 0, 1, 7,11, 3,17, 5,20, 4,22, 9,15, 6, 8,23,26,13,25,10,14,18,19,12,16,21,24,
         3, 6, 8, 4, 0,15,10,19,12,18, 1,24, 2,11,22,16, 5,23,20,21, 9, 7,26,25,13,17,14,
         4,10,12, 0, 3,16, 1,21, 2,20, 6,13, 8,24,26, 5,15,25, 9, 7,18,19,14,17,11,23,22,
         5,13,14, 9, 1,12,19,22,23,21, 2,26, 0, 4,10,24, 7,15, 8,25,11, 3,16,18,17, 6,20,
         6, 8, 3,15,18,19,11, 4,22,24,21, 0,25,23, 9, 2,13,10, 7,26,12,17, 1,16,14,20, 5,
         7,17,20,11, 2,23,22,10,15,25, 0,16, 1, 9,19,26, 3,12,14,18, 4, 5,24,21, 6,13, 8,
         8, 3, 6,19,24, 4,23,15, 9, 0,26,18,16,10,12,25,14,11,17, 1,22,20,21, 2, 5, 7,13,
         9,19,23, 1, 5,24, 2,25, 0, 8,13,17,14,26,16, 7,12,18,11, 3,21,22,20, 6, 4,15,10,
        10,12, 4,16,20,21,24, 0,26,13, 7, 3,17,25,18, 8,11, 1,19,14, 2,23, 6, 5,22, 9,15,
        11,22,15, 2, 7,26, 0,18, 1,14,17, 6,20,16,24, 3,23,21, 4, 5,25,10, 8,13, 9,12,19,
        12, 4,10,21,13, 0,25,16,18, 3,14,20, 5, 1, 2,17,22,24,23, 6,26, 9, 7, 8,15,19,11,
        13,14, 5,12,21,22, 4, 9,10,26,25, 1,18,15,11, 0,17,19, 3,16,23, 6, 2,24,20, 8, 7,
        14, 5,13,22,26, 9,15,12,11, 1,16,21,24,19,23,18,20, 4, 6, 2,10, 8,25, 0, 7, 3,17,
        15,11,22,18, 6, 2,21,26,25, 7, 8,14, 3, 0, 1,13,19,16,12,17,24, 4, 5,20,23,10, 9,
        16,24,26,20,10, 8, 7,14,17,19,12,22, 4, 3, 6,11,21, 5, 2,23,13, 0,15, 9,25, 1,18,
        17,20, 7,23,25,10, 9,11,19,16,18, 2,21,12, 4, 1, 6,22, 5,24,15,13, 0,26, 8,14, 3,
        18,21,25, 6,15,13, 8,17, 3,12,11,23,22,14, 5,19, 2,20,24, 4, 7,26, 9,10, 0,16, 1,
        19,23, 9,24, 8,25,26, 1,16,17, 3, 5, 6,18,21,14, 4, 2,22,20, 0,15,13, 7,10,11,12,
        20, 7,17,10,16,11,12,23, 4, 2,24,25,26,22,15,21, 8, 9,13, 0,19,14,18, 1, 3, 5, 6,
        21,25,18,13,12,17,14, 6, 5,23, 4,15,10,20, 7,22, 0, 8,26, 9, 3,16,11,19, 1,24, 2,
        22,15,11,26,14,18,16, 2,24, 6, 5, 7,13,21,25,20, 9, 0,10, 8, 1,12,17, 3,19, 4,23,
        23, 9,19,25,17, 1,18,24,21, 5,20, 8, 7, 2, 0, 6,10,26,15,13,16,11, 3,14,12,22, 4,
        24,26,16, 8,19,14, 3,20, 6,22,23,10, 9, 5,13, 4,25, 7, 0,15,17, 1,12,11,18, 2,21,
        25,18,21,17,23, 6,20,13, 7,15, 9,12,19, 8, 3,10, 1,14,16,11, 5,24, 4,22, 2,26, 0,
        26,16,24,14,22,20, 5, 8,13,10,15,19,11, 7,17, 9,18, 3, 1,12, 6, 2,23, 4,21, 0,25]),
    function(I, [0]),
    function(c1, [1]),
    function(c2, [3])]).
